28,49
28,48
28,47
28,46
28,45
28,44
28,43
28,42
28,41
28,40
28,39
28,38
28,37
28,36
28,35
3,1
3,3
10,220
10,116
10,24
10,233
10,110
10,296
10,119
10,193
11,17
11,27
11,12
11,26
11,19
11,25
11,18
9,7
9,4
9,6
8,18
8,14
8,15
8,13
8,12
8,10
8,2
8,3
12,2
12,1
12,3
20,2
20,1
20,3
27,6
27,5
27,4
27,3
27,2
27,1
19,2
27,0
19,1
26,2
19,3
26,0
25,3
25,2
25,1
25,0
24,3
24,2
24,1
24,0
11,20
11,15
11,11
11,7
11,1
11,6
11,3
11,2
10,197
10,190
10,150
10,118
10,79
10,1
10,8
10,3
18,1
10,2
18,3
9,1
9,5
9,3
9,2
8,9
